020101003801202307
020101012701202307
020101012709202307
020101013501202307
020101013509202307
020101014301202307
020101014307202307
020101014309202307
020101016001202307
020101016009202307
020101020801202307
020101020809202307
020101024001202307
020101024007202307
020101024009202307
020101025901202307
020101026701202307
020101026707202307
020101026709202307
020101027503202307
020101027507202307
020101027509202307
020101030501202307
020101030507202307
020101030509202307
020101031301202307
020101031307202307
020101031309202307
020101032101202307
020101032107202307
020101032109202307
020101033001202307
020101033007202307
020101033009202307
020101040201202307
020101040207202307
020101040209202307
020101053401202307
020101053409202307
020101055001202307
020101055009202307
020904003301202307
020904003307202307
020904003309202307
020904005001202307
020904005007202307
020904005009202307
021105009101202307
021105010503202307
021105010507202307
021105010509202307
021105014801202307
030106001003202307
030106001007202307
030106007001202307
030106007003202307
030106007007202307
030106007009202307
030106008803202307
030109001703202307
030109001709202307
030109001713202307
030109002503202307
030109002509202307
030109002513202307
030301001003202307
030301001007202307
030301002903202307
030301002907202307
030301003703202307
030301003707202307
030301004503202307
030301004507202307
030301005303202307
030301005307202307
030301006103202307
030301006107202307
030301007003202307
030301007007202307
030301008803202307
030301008807202307
030301009603202307
030301009607202307
030301010003202307
030301010007202307
030301011803202307
030301011807202307
030301012603202307
030301012607202307
030301013403202307
030301013407202307
030301014203202307
030301014207202307
030301015003202307
030301015007202307
030301016903202307
030301016907202307
030301017703202307
030301017707202307
030301018503202307
030301018507202307
030301019303202307
030301019307202307
030301020703202307
030301020707202307
030301021503202307
030301021506202307
030301021507202307
030302003203202307
030302003207202307
030302004003202307
030302004007202307
030302005903202307
030302005907202307
030302006703202307
030302006707202307
030302007503202307
030302007507202307
030302008303202307
030302008307202307
030303001107202307
030303001111202307
030303002003202307
030303002007202307
030303003803202307
030303003807202307
030303004603202307
030303004607202307
030303005403202307
030303005407202307
030303006203202307
030303006207202307
030304001703202307
030304001707202307
030304002503202307
030304002507202307
030304003303202307
030304003307202307
030304004103202307
030304004107202307
030304005003202307
030304005007202307
030304006803202307
030304006807202307
030304007603202307
030304007607202307
030304008401202307
030304008403202307
030304008407202307
030304009201202307
030304009203202307
030304009207202307
030304010603202307
030304010607202307
030304011401202307
030304011403202307
030304011407202307
030304012201202307
030304012203202307
030304012207202307
030304013003202307
030304013007202307
030304014903202307
030304014907202307
030304015703202307
030304015707202307
030304016503202307
030304016507202307
030304017303202307
030304017307202307
030304018103202307
030304019003202307
030304019007202307
030304020303202307
030304020307202307
030304021103202307
030304021107202307
030304022003202307
030304022007202307
030304023803202307
030304023807202307
030304024603202307
030304024607202307
030304025403202307
030304025407202307
030304026203202307
030304026207202307
030304027003202307
030304027007202307
030304028903202307
030304029703202307
030304029707202307
030304030003202307
030305013603202307
030305013607202307
030305014403202307
030305014407202307
030306001803202307
030306001807202307
030306002603202307
030306002607202307
030306003403202307
030306003407202307
030306004203202307
030306004207202307
030306005003202307
030306005007202307
030306006903202307
030306006907202307
030306007703202307
030306007707202307
030306008503202307
030306008507202307
030306009303202307
030306009307202307
030306010703202307
030306010707202307
030306011503202307
030306011507202307
030306012303202307
030306012307202307
030306013103202307
030306013107202307
030306014003202307
030306014007202307
030306015803202307
030306015807202307
030306016603202307
030306016607202307
030306017403202307
030306017407202307
030306018203202307
030306018207202307
030306019003202307
030306019007202307
030306020403202307
030306020407202307
030306021203202307
030306021207202307
030306022001202307
030306022003202307
030306022007202307
030306023903202307
030306023907202307
030306024703202307
030306024707202307
030306025503202307
030306025507202307
030306026303202307
030306026307202307
030306027103202307
030306027107202307
030306028003202307
030306028007202307
030306029803202307
030306029807202307
030306030103202307
030306030107202307
030307006403202307
030307006407202307
030307007203202307
030307007207202307
030307008003202307
030307008007202307
030307009903202307
030307009907202307
030307010203202307
030307010207202307
030307011003202307
030307011007202307
030307012903202307
030307012907202307
030307013701202307
030308004303202307
030308004307202307
030308005103202307
030308005107202307
030308006003202307
030308006007202307
030308007803202307
030308007807202307
030308008603202307
030308008607202307
030308009403202307
030308009407202307
030309013803202307
030309013807202307
030309013809202307
030309019703202307
030309019707202307
030309019709202307
030309023503202307
030309023507202307
030309023509202307
030309031603202307
030309031607202307
030310001002202307
030310001003202307
030310001007202307
030310002802202307
030310002803202307
030310002807202307
030310003602202307
030310003603202307
030310003607202307
030310004402202307
030310004403202307
030310004407202307
030310005202202307
030310005203202307
030310005207202307
030311001503202307
030311001507202307
030311002303202307
030311002307202307
030311003103202307
030311003107202307
030311004003202307
030311004007202307
030311005803202307
030311005807202307
030311006603202307
030311006607202307
030311007403202307
030311007407202307
030311008203202307
030311008207202307
030311009003202307
030311009007202307
030311010403202307
030311010407202307
030311011203202307
030311011207202307
030313001604202307
030313002404202307
030313003204202307
030313004004202307
030313005904202307
030313006704202307
030313007504202307
030313008304202307
030314002003202307
030314002007202307
030314003803202307
030314003807202307
030314004603202307
030314004607202307
030314005403202307
030314005407202307
030314006203202307
030314006207202307
030314007003202307
030314007007202307
030314008903202307
030314008907202307
030314009703202307
030314009707202307
030314010003202307
030314010007202307
030314011903202307
030314011907202307
030314012703202307
030314012707202307
030314013503202307
030314013507202307
030314014303202307
030314014307202307
030314015103202307
030314015107202307
030315001703202307
030315001707202307
030315002503202307
030315002507202307
030315003303202307
030315003307202307
030315004103202307
030315004107202307
030315005003202307
030315005007202307
030315006803202307
030315006807202307
030316001207202307
030316002007202307
030316003907202307
030316004707202307
030316005507202307
030316006307202307
030316007107202307
030317009305202307
030317009307202307
030317010707202307
030317010714202307
030317013102202307
030317013103202307
030317013105202307
030317013107202307
030317013187202307
030317014002202307
030317014003202307
030317014005202307
030317014007202307
030317014087202307
030317015802202307
030317015803202307
030317015805202307
030317015807202307
030317015887202307
030317016602202307
030317016603202307
030317016605202307
030317016607202307
030317016687202307
030317017402202307
030317017403202307
030317017405202307
030317017407202307
030317017487202307
030317018202202307
030317018203202307
030317018205202307
030317018207202307
030317018287202307
030317019005202307
030317019007202307
030317020405202307
030317020407202307
030318001303202307
030318001307202307
030318003003202307
030318003007202307
030318004803202307
030318004807202307
030318005603202307
030318005607202307
030318006403202307
030318006407202307
030318007207202307
030318007210202307
030319001903202307
030319001907202307
030319001908202307
030401011103202307
030401011107202307
030401035903202307
030401035907202307
030401049903202307
030401049907202307
030401059603202307
030401059607202307
030408002003202307
030408002007202307
030408003903202307
030408003907202307
030408003909202307
030408004703202307
030408006303202307
030409001803202307
030409001807202307
030409002603202307
030409002607202307
030409003403202307
030409003407202307
030409004203202307
030409004207202307
030410001303202307
030410001307202307
030410001309202307
030410002103202307
030410002107202307
030501017403202307
030501017407202307
030502001303202307
030502001307202307
030502002103202307
030502002107202307
030502003003202307
030502003007202307
030502004803202307
030502004807202307
030502005603202307
030502005607202307
030701005801202307
030701005803202307
030701005807202307
030701005809202307
030702003701202307
030702003703202307
030702003707202307
030702003709202307
030702004501202307
030702004503202307
030702004507202307
030702004509202307
030702005301202307
030702005303202307
030702005307202307
030702005309202307
030702006101202307
030702006103202307
030702006107202307
030702006109202307
030702008801202307
030702008803202307
030702008807202307
030702008809202307
030702009601202307
030702009603202307
030702009607202307
030702009609202307
030702010001202307
030702010003202307
030702010007202307
030702010009202307
030702011801202307
030702011803202307
030702011807202307
030702011809202307
030703003201202307
030703003203202307
030703003207202307
030703003209202307
030704001101202307
030704001103202307
030704001107202307
030704001109202307
030704006201202307
030704006203202307
030704006207202307
030704006209202307
030704008901202307
030704008903202307
030704008907202307
030704008909202307
030801001901202307
030801001903202307
030801001907202307
030801002703202307
030801002707202307
030801003501202307
030801003503202307
030801003507202307
030801004301202307
030801004303202307
030801004307202307
030802002203202307
030802002207202307
030802003003202307
030802003007202307
030803001003202307
030803001007202307
030803002803202307
030803002807202307
030803003601202307
030803003603202307
030803003607202307
030803003683202307
030804001501202307
030804001503202307
030804001507202307
030804002303202307
030804002307202307
030901003901202307
030901003903202307
030901003907202307
031001003901202307
031001003902202307
031001003903202307
031001004701202307
031001004702202307
031001004703202307
031001005502202307
040102001001202307
040102001007202307
040102001009202307
040102002901202307
040102002907202307
040102002909202307
040102003701202307
040102003707202307
040102003709202307
040102004501202307
040102004507202307
040102004509202307
040102005301202307
040102005307202307
040102005309202307
040102006101202307
040102006107202307
040102006109202307
040102007001202307
040102007007202307
040102007009202307
040102008801202307
040102008807202307
040102008809202307
040102009601202307
040102009607202307
040102009609202307
040102010001202307
040102010007202307
040102010009202307
040102011801202307
040102011807202307
040102011809202307
040102012601202307
040102012607202307
040102012609202307
040102013401202307
040102013409202307
040102014201202307
040102014207202307
040102014209202307
040102015001202307
040102015007202307
040102015009202307
040102016901202307
040102016907202307
040102016909202307
040201001901202307
040201001907202307
040201002701202307
040201002707202307
040201003501202307
040201003507202307
040201003509202307
040201004301202307
040201004307202307
040201004309202307
040201005101202307
040201005107202307
040202001401202307
040202001407202307
040202002201202307
040202002207202307
040301001201202307
040301001207202307
040301002001202307
040301002007202307
040301003901202307
040301003907202307
040301004701202307
040301004707202307
040301005501202307
040301005507202307
040301006301202307
040301006307202307
040301007101202307
040301007107202307
040301008001202307
040301008007202307
040301008009202307
040301009801202307
040301009807202307
040301010101202307
040301010107202307
040301011001202307
040301011007202307
040301012801202307
040301012807202307
040301013601202307
040301013607202307
040301014401202307
040301014407202307
040301015201202307
040301015207202307
040301016001202307
040301016007202307
040301017901202307
040301017907202307
040301018701202307
040301018707202307
040301019501202307
040301019507202307
040301020901202307
040301020907202307
040301021701202307
040301021707202307
040301022501202307
040301022507202307
040301023301202307
040301023307202307
040301024101202307
040301024107202307
040301025001202307
040301025007202307
040301026801202307
040301026807202307
040301027601202307
040301027607202307
040301028401202307
040301028407202307
040301029201202307
040301029207202307
040301030601202307
040301030607202307
040301031401202307
040301031407202307
040301032201202307
040301032207202307
040301033001202307
040301033007202307
040301034901202307
040301034907202307
040301035701202307
040301035707202307
040301036501202307
040301036507202307
040301039001202307
040301039003202307
040301039007202307
040302001801202307
040302001807202307
040302002601202307
040302002607202307
040302003401202307
040302003407202307
040302004201202307
040302004207202307
040302005001202307
040302005007202307
040302006901202307
040302006907202307
040302007701202307
040302007707202307
040302007709202307
040302008501202307
040302008507202307
040302008509202307
040302009301202307
040302009307202307
040302009309202307
040302010701202307
040302010707202307
040302011501202307
040302011507202307
040302012301202307
040302012307202307
040302012309202307
040302013101202307
040302013107202307
040303001301202307
040303001307202307
040303002101202307
040303002107202307
040303003001202307
040303003007202307
040303004801202307
040303004807202307
040303005601202307
040303005607202307
040303006401202307
040303006407202307
040303008001202307
040303008007202307
040303009901202307
040303009907202307
040303010201202307
040303010207202307
040303011001202307
040303011007202307
040303012901202307
040303012907202307
040303013701202307
040303013707202307
040303014501202307
040303014507202307
040303015301202307
040303015307202307
040303016101202307
040303016107202307
040304001901202307
040304001907202307
040304002701202307
040304002707202307
040304005101202307
040304005107202307
040304006001202307
040304006007202307
040304007801202307
040304007807202307
040304008601202307
040304008607202307
040304009401202307
040304009407202307
040304010801202307
040304010807202307
040304011601202307
040304011607202307
040304012401202307
040304012407202307
040305003001202307
040305003003202307
040305003007202307
040305004901202307
040305004907202307
040305005701202307
040305006501202307
040305006507202307
040305007301202307
040305007307202307
040305009001202307
040305009007202307
040305009009202307
040305010301202307
040305010307202307
040305010309202307
040305011101202307
040305011107202307
040305012001202307
040305012007202307
040305013801202307
040305013807202307
040305014601202307
040305014607202307
040305015401202307
040305015407202307
040305016201202307
040306001001202307
040306001007202307
040306002801202307
040306002807202307
040306003601202307
040306003607202307
040306004401202307
040306004407202307
040306005201202307
040306005207202307
040306006001202307
040306006007202307
040306007901202307
040306007907202307
040306008701202307
040306008707202307
040306009501202307
040306009507202307
040307001501202307
040307004001202307
040307004007202307
040307005801202307
040307005807202307
040307008201202307
040307009001202307
040307010401202307
040307011201202307
040307012001202307
040307013901202307
040307013907202307
040307014701202307
040307014707202307
040307015501202307
040307015507202307
040307016301202307
040307016307202307
040308001001202307
040308002901202307
040308003701202307
040308004501202307
040308005301202307
040308005307202307
040308006101202307
040308007001202307
040308007007202307
040308008801202307
040308008807202307
040308009601202307
040308009607202307
040308010001202307
040401001601202307
040401001605202307
040401001609202307
040401002401202307
040401002407202307
040401002409202307
040401003201202307
040401003207202307
040401003209202307
040401004001202307
040401004007202307
040401004009202307
040401005901202307
040401005907202307
040401005909202307
040401006701202307
040401006707202307
040401006709202307
040401008301202307
040401008307202307
040401008309202307
040401010501202307
040401010507202307
040401010509202307
040401011301202307
040401011307202307
040401011309202307
040401012101202307
040401012107202307
040401012109202307
040401013001202307
040401013007202307
040401013009202307
040401014801202307
040401014807202307
040401014809202307
040401016401202307
040401016407202307
040401016409202307
040401017201202307
040401017207202307
040401018001202307
040401018007202307
040401019901202307
040401019907202307
040401020201202307
040401020207202307
040401021001202307
040401021007202307
040401021009202307
040401022901202307
040401022907202307
040401022909202307
040401023701202307
040401023707202307
040401023709202307
040401028801202307
040401028807202307
040401028809202307
040401031801202307
040401031807202307
040401031809202307
040401032601202307
040401032607202307
040401032609202307
040401033401202307
040401033407202307
040401033409202307
040401035001202307
040401035007202307
040401035009202307
040401037701202307
040401037707202307
040401037709202307
040401038501202307
040401038507202307
040401038509202307
040401040701202307
040401040707202307
040401040709202307
040401041501202307
040401041507202307
040401041509202307
040401043101202307
040401043107202307
040401045801202307
040401045807202307
040401046601202307
040401046607202307
040401046609202307
040401047401202307
040401047407202307
040401047409202307
040401048201202307
040401048207202307
040401048209202307
040401049001202307
040401049007202307
040401049009202307
040401050401202307
040401050407202307
040401050409202307
040401051201202307
040401051207202307
040401051209202307
040401052001202307
040401052007202307
040401052009202307
040401053901202307
040401053907202307
040401053909202307
040401054701202307
040401054707202307
040401055501202307
040401055507202307
040401055509202307
040401056301202307
040401056309202307
040401057101202307
040401057107202307
040401058001202307
040401058007202307
040401059801202307
040401059807202307
040401060101202307
040401060107202307
040401061001202307
040401061007202307
040401062801202307
040401062807202307
040401063601202307
040401063607202307
040401064401202307
040401064407202307
040401065201202307
040401065207202307
040402001101202307
040402001107202307
040402001109202307
040402003801202307
040402003807202307
040402003809202307
040402004601202307
040402004607202307
040402004609202307
040402006201202307
040402006207202307
040402007001202307
040402007007202307
040402007009202307
040402008901202307
040402008907202307
040402008909202307
040402010001202307
040402010003202307
040402010007202307
040402010009202307
040402011901202307
040402011907202307
040402011909202307
040402013501202307
040402013507202307
040402014301202307
040402014307202307
040402014309202307
040402017801202307
040402017807202307
040402020801202307
040402020807202307
040402020809202307
040402022401202307
040402022407202307
040402023201202307
040402023207202307
040402023209202307
040402024001202307
040402024007202307
040402024009202307
040402027501202307
040402027507202307
040402029101202307
040402029107202307
040402031301202307
040402031307202307
040402031309202307
040402032101202307
040402032107202307
040402032109202307
040402034801202307
040402034807202307
040402034809202307
040402035601202307
040402035607202307
040402035609202307
040402038001202307
040402038007202307
040402039901202307
040402039907202307
040402039909202307
040402042901202307
040402042907202307
040402042909202307
040402045301202307
040402045307202307
040402045309202307
040402046101202307
040402046107202307
040402046109202307
040402047001202307
040402047007202307
040402047009202307
040402048801202307
040402048807202307
040402048809202307
040402049601202307
040402049607202307
040402050001202307
040402050007202307
040402051801202307
040402051807202307
040402051809202307
040402052601202307
040402052607202307
040402053401202307
040402053407202307
040402054201202307
040402054207202307
040402054209202307
040402055001202307
040402055007202307
040402056901202307
040402056907202307
040402056909202307
040402057701202307
040402057707202307
040402057709202307
040402058501202307
040402058507202307
040402059301202307
040402059307202307
040402060701202307
040402060707202307
040402064001202307
040402064007202307
040402064009202307
040402065801202307
040402065807202307
040402065809202307
040402066601202307
040402066607202307
040402066609202307
040402069001202307
040402069007202307
040402070401202307
040402070407202307
040402071201202307
040402071207202307
040402071209202307
040402072001202307
040402072007202307
040402073901202307
040402073907202307
040402077101202307
040402077107202307
040402077109202307
040402078001202307
040402078007202307
040403001701202307
040403001707202307
040403001709202307
040403003301202307
040403003307202307
040403004101202307
040403004107202307
040403004109202307
040403005001202307
040403005007202307
040403005009202307
040403006801202307
040403006807202307
040403006809202307
040403007601202307
040403007607202307
040403007609202307
040403008401202307
040403008407202307
040403008409202307
040403010601202307
040403010607202307
040403010609202307
040403012201202307
040403012207202307
040403012209202307
040403013001202307
040403013007202307
040403013009202307
040403015701202307
040403015707202307
040403015709202307
040403016501202307
040403016507202307
040403016509202307
040403017301202307
040403017307202307
040403017309202307
040403019001202307
040403019007202307
040403019009202307
040403022001202307
040403022007202307
040403022009202307
040403024601202307
040403024607202307
040403024609202307
040403025401202307
040403025407202307
040403025409202307
040403026201202307
040403026207202307
040403026209202307
040403027001202307
040403027007202307
040403027009202307
040403028901202307
040403028907202307
040403029701202307
040403029707202307
040403030001202307
040403030007202307
040403031901202307
040403031907202307
040403031909202307
040403032701202307
040403032707202307
040501001001202307
040501001007202307
040501001009202307
040501002801202307
040501002807202307
040501002809202307
040501003601202307
040501003607202307
040501003609202307
040501007901202307
040501007907202307
040501007909202307
040501008701202307
040501008707202307
040501008709202307
040501011701202307
040501011707202307
040501011709202307
040501012501202307
040501012507202307
040501012509202307
040501013301202307
040501013307202307
040501013309202307
040501015001202307
040501015007202307
040501015009202307
040501017601202307
040501017607202307
040501017609202307
040502001501202307
040502001507202307
040502001509202307
040502002301202307
040502002307202307
040502002309202307
040503001001202307
040503001007202307
040503001009202307
040503002901202307
040503002907202307
040503002909202307
040503007001202307
040503007007202307
040503007009202307
040503009601202307
040503009607202307
040503009609202307
040503011801202307
040503011807202307
040503011809202307
040503013401202307
040503013407202307
040503013409202307
040503014201202307
040503014207202307
040503014209202307
040503016901202307
040503016907202307
040503016909202307
040503017701202307
040503017707202307
040503017709202307
040503018501202307
040503018507202307
040503019301202307
040503019307202307
040503020701202307
040503020707202307
040503020709202307
040504001601202307
040504001607202307
040504001609202307
040504002401202307
040504002407202307
040504002409202307
040504004001202307
040504004007202307
040504004009202307
040504005901202307
040504005907202307
040504005909202307
040504006701202307
040504006707202307
040504006709202307
040504007501202307
040504007507202307
040504007509202307
040504008301202307
040504008307202307
040504008309202307
040504009101202307
040504009107202307
040504009109202307
040504010501202307
040504010507202307
040504010509202307
040504014801202307
040504014807202307
040504014809202307
040504015601202307
040504015607202307
040504015609202307
040504016401202307
040504016407202307
040504016409202307
040504018001202307
040504018007202307
040504020201202307
040504020207202307
040504020209202307
040504021001202307
040504021007202307
040504021009202307
040505001101202307
040505001107202307
040505001109202307
040505004601202307
040505004607202307
040505004609202307
040505005401202307
040505005407202307
040505005409202307
040505009701202307
040505009707202307
040505009709202307
040505010001202307
040505010007202307
040505010009202307
040505011901202307
040505011907202307
040505011909202307
040505013501202307
040505013507202307
040505013509202307
040505014301202307
040505014307202307
040505014309202307
040505015101202307
040505015107202307
040505015109202307
040505018601202307
040505018607202307
040505018609202307
040505021601202307
040505021607202307
040505021609202307
040505022401202307
040505022407202307
040505022409202307
040505023201202307
040505023207202307
040505023209202307
040505031301202307
040505031307202307
040505031309202307
040505032101202307
040505032107202307
040505032109202307
040505035601202307
040505035607202307
040505035609202307
040505037201202307
040505037207202307
040505037209202307
040505038001202307
040505038007202307
040505038009202307
040505039901202307
040505039907202307
040505039909202307
040505040201202307
040505040209202307
040601001301202307
040601001307202307
040601002101202307
040601003001202307
040601004801202307
040601005601202307
040601006401202307
040601007201202307
040601007207202307
040601008001202307
040601009901202307
040601010201202307
040601010207202307
040601011001202307
040601011007202307
040601013701202307
040601013707202307
040601015301202307
040601015307202307
040601016101202307
040601017001202307
040601017007202307
040601018801202307
040601019601202307
040601019607202307
040601020001202307
040601020007202307
040601021801202307
040601021807202307
040601022601202307
040601022607202307
040601023401202307
040601024201202307
040601025001202307
040601025007202307
040601026901202307
040601026907202307
040601027701202307
040601027707202307
040601028501202307
040601028507202307
040601029301202307
040601030701202307
040601031501202307
040601032301202307
040601033101202307
040601033107202307
040601034001202307
040601035801202307
040601036601202307
040601036607202307
040601037401202307
040601037407202307
040601038201202307
040601039001202307
040601039007202307
040601040401202307
040601041201202307
040601041207202307
040601042001202307
040601042007202307
040601043901202307
040601044701202307
040601044707202307
040601045501202307
040601046301202307
040601046307202307
040601047101202307
040601047107202307
040601048001202307
040601049801202307
040601049807202307
040601050101202307
040601051001202307
040601051007202307
040601052801202307
040601052807202307
040601053601202307
040601054401202307
040601055201202307
040601056001202307
040601056007202307
040601056009202307
040601057901202307
040601058701202307
040601058709202307
040601059501202307
040601060901202307
040601061701202307
040601062501202307
040601063301202307
040601063309202307
040601064101202307
040601064107202307
040601064109202307
040601065001202307
040601065009202307
040601066801202307
040601066807202307
040601066809202307
040601067601202307
040601067607202307
040601067609202307
040601068401202307
040601068407202307
040601068409202307
040601069201202307
040601069207202307
040601070601202307
040601071401202307
040601071407202307
040601071409202307
040601073001202307
040601075701202307
040601075707202307
040601076501202307
040601076507202307
040601077301202307
040601077307202307
040601078101202307
040601078107202307
040601079001202307
040601079009202307
040601080301202307
040601080307202307
040601081101202307
040601082001202307
040601082007202307
040601083801202307
040601084601202307
040601085401202307
040601085409202307
040601086201202307
040601086209202307
040601087001202307
040601087009202307
040601088901202307
040601089701202307
040601090001202307
040601090007202307
040601091901202307
040601091907202307
040601091909202307
040601092701202307
040601093501202307
040601094301202307
040601095101202307
040601096001202307
040601096003202307
040601096007202307
040601097801202307
040601097803202307
040601097807202307
040601098601202307
040601099401202307
040601100101202307
040601100109202307
040601101001202307
040601101009202307
040601102801202307
040601102809202307
040601103601202307
040601103609202307
040601104401202307
040601104407202307
040601104409202307
040601105201202307
040601105209202307
040601107901202307
040601108701202307
040601108709202307
040601109501202307
040601109509202307
040601110901202307
040601110909202307
040601111701202307
040601111709202307
040601112501202307
040601112509202307
040601113301202307
040601113307202307
040601113309202307
040601114101202307
040601114109202307
040601115001202307
040601115007202307
040601115009202307
040601116801202307
040601116809202307
040601117601202307
040601117609202307
040601118401202307
040601118409202307
040601119201202307
040601119209202307
040601120601202307
040601121401202307
040601121407202307
040601122201202307
040601122207202307
040601123001202307
040601124901202307
040601125701202307
040601126501202307
040601126507202307
040601127301202307
040601127307202307
040601128101202307
040601128107202307
040601129001202307
040601129007202307
040601130301202307
040601130307202307
040601131101202307
040601131107202307
040601132001202307
040601132007202307
040601133801202307
040601133807202307
040601134601202307
040601134607202307
040601135401202307
040601135407202307
040601136201202307
040601136207202307
040601137001202307
040601137007202307
040601138901202307
040601138907202307
040601139701202307
040601139707202307
040601140001202307
040601140007202307
040601141901202307
040601141907202307
040601142701202307
040601142707202307
040601143501202307
040601143507202307
040601144301202307
040601144307202307
040601145101202307
040601145107202307
040601146001202307
040601146007202307
040601147801202307
040601147807202307
040601148601202307
040601148607202307
040601149401202307
040601149407202307
040601150801202307
040601150807202307
040601151601202307
040601151607202307
040601152401202307
040602001901202307
040602001907202307
040602002701202307
040602002707202307
040602003501202307
040602003507202307
040602004301202307
040602004307202307
040602005101202307
040602005107202307
040602007801202307
040602007807202307
040602007809202307
040602010801202307
040602011601202307
040602011607202307
040602011609202307
040602012401202307
040602012407202307
040602015901202307
040602015907202307
040602015909202307
040602016701202307
040602016707202307
040602016709202307
040602019101202307
040602019107202307
040602021301202307
040602022101202307
040602023001202307
040602024801202307
040602024807202307
040602025601202307
040602025607202307
040602026401202307
040602026407202307
040602027201202307
040602027207202307
040602028001202307
040602028007202307
040602030201202307
040602030207202307
040602031001202307
040602031007202307
040602032901202307
040602032907202307
040602033701202307
040602033707202307
040602034501202307
040602034507202307
040602035301202307
040602035307202307
040602036101202307
040602036107202307
040602037001202307
040602037007202307
040602038801202307
040602038807202307
040602039601202307
040602039607202307
040602040001202307
040602040007202307
040602041801202307
040602041807202307
040602042601202307
040602042607202307
040602043401202307
040602043407202307
040602044201202307
040602044207202307
040602045001202307
040602046901202307
040602046907202307
040602047701202307
040602047707202307
040602048501202307
040602048507202307
040602049301202307
040602049307202307
040602050701202307
040602050707202307
040602051501202307
040602051507202307
040602052301202307
040602053101202307
040602053107202307
040602054001202307
040602054007202307
040602055801202307
040602055807202307
040602056601202307
040602056607202307
040602056609202307
040602057401202307
040602057407202307
040602057409202307
040602058201202307
040602058207202307
040602059001202307
040602059007202307
040602060401202307
040602060407202307
040602060409202307
040602062001202307
040602062003202307
040602062007202307
040602062009202307
040603001401202307
040603002201202307
040603003001202307
040603004901202307
040603005701202307
040603005707202307
040603006501202307
040603007301202307
040603008101202307
040603008107202307
040603009001202307
040603009007202307
040603010301202307
040603010307202307
040603011101202307
040603011107202307
040603012001202307
040603012007202307
040603013801202307
040603013807202307
040603014601202307
040603014607202307
040603015401202307
040603015407202307
040604001001202307
040604001007202307
040604002801202307
040604002807202307
040604004401202307
040604004407202307
040604005201202307
040604005207202307
040604006001202307
040604006007202307
040604007901202307
040604007907202307
040604008701202307
040604009501202307
040604010901202307
040604010907202307
040604011701202307
040604011707202307
040604012501202307
040604012507202307
040604013301202307
040604014101202307
040604014107202307
040604015001202307
040604016801202307
040604017601202307
040604018401202307
040604019201202307
040604019207202307
040604020601202307
040604020607202307
040604020609202307
040604021401202307
040604021407202307
040604022201202307
040604022207202307
040604023001202307
040604023007202307
040604024901202307
040604024907202307
040604025701202307
040604025707202307
040604025709202307
040604026501202307
040604026507202307
040604027301202307
040604027307202307
040604027309202307
040604028101202307
040604029001202307
040604029007202307
040604029009202307
040604030301202307
040604030307202307
040604030309202307
040604031101202307
040604031107202307
040604031109202307
040604032001202307
040604032007202307
040604033801202307
040604033807202307
040605001501202307
040605001507202307
040605001509202307
040605002301202307
040605002307202307
040605002309202307
040605003101202307
040605003107202307
040605003109202307
040605004001202307
040605004007202307
040605004009202307
040605005801202307
040605005807202307
040605005809202307
040605006601202307
040605006607202307
040605006609202307
040605007401202307
040605007407202307
040605007409202307
040605008201202307
040605008207202307
040605008209202307
040605009001202307
040605009007202307
040605010401202307
040605010407202307
040605011201202307
040605012001202307
040605012007202307
040605012009202307
040605013901202307
040605013907202307
040605013909202307
040701001701202307
040701001707202307
040701003301202307
040701003307202307
040701004101202307
040701005001202307
040701005007202307
040701006801202307
040701006807202307
040701007601202307
040701008401202307
040701008407202307
040701009201202307
040701009207202307
040701010601202307
040701010607202307
040701011401202307
040701011407202307
040701012201202307
040701013001202307
040701014901202307
040701015701202307
040701015707202307
040701016501202307
040701016507202307
040701017301202307
040701018101202307
040701019001202307
040701019007202307
040701020301202307
040701020307202307
040701021101202307
040701021107202307
040701021109202307
040701022001202307
040701022007202307
040701022009202307
040701023801202307
040701023807202307
040701027001202307
040701027007202307
040701028901202307
040701029701202307
040701029707202307
040701030001202307
040701033501202307
040701033507202307
040701034301202307
040701034307202307
040701035101202307
040701035107202307
040701036001202307
040701037801202307
040701038601202307
040702001201202307
040702002001202307
040702003901202307
040702003907202307
040702004701202307
040702004707202307
040702006301202307
040702006307202307
040702007101202307
040702007107202307
040702008001202307
040702008007202307
040702009801202307
040702009807202307
040702010101202307
040702010107202307
040702011001202307
040702011007202307
040702011009202307
040702013601202307
040702013607202307
040702013609202307
040702014401202307
040702014407202307
040702014409202307
040702015201202307
040702015207202307
040702017901202307
040702017907202307
040702018701202307
040702018707202307
040702019501202307
040702019507202307
040702020901202307
040702020907202307
040702021701202307
040702021709202307
040702022501202307
040702022507202307
040702022509202307
040702023301202307
040702023307202307
040702024101202307
040702024107202307
040702025001202307
040702025007202307
040702026801202307
040702026807202307
040702026809202307
040702027601202307
040702027607202307
040702027609202307
040702028401202307
040702028407202307
040702028409202307
040702029201202307
040702029207202307
040702030601202307
040702030607202307
040702032201202307
040702032207202307
040702032209202307
040702033001202307
040702034901202307
040702035701202307
040702036501202307
040702036507202307
040702038101202307
040702038107202307
040702040301202307
040702040307202307
040702041101202307
040702041107202307
040702042001202307
040702042007202307
040702043801202307
040702043807202307
040702044601202307
040702044607202307
040702045401202307
040702045407202307
040702045409202307
040702046201202307
040702046207202307
040702047001202307
040702047007202307
040702047009202307
040703001801202307
040703001807202307
040703002601202307
040703002607202307
040703003401202307
040703003407202307
040703003409202307
040703004201202307
040703004207202307
040703005001202307
040703005007202307
040703006901202307
040703006907202307
040703007701202307
040703007707202307
040703007709202307
040703012301202307
040703012307202307
040703013101202307
040703013107202307
040703014001202307
040703014007202307
040703015801202307
040703015807202307
040703016601202307
040703016607202307
040703017401202307
040703017407202307
040703018201202307
040703018207202307
040703019001202307
040703019007202307
040703020401202307
040703021201202307
040703022001202307
040703024701202307
040703025501202307
040703025507202307
040704001301202307
040704001307202307
040704002101202307
040704002107202307
040704003001202307
040704003007202307
040704004801202307
040704004807202307
040704005601202307
040704005607202307
040704006401202307
040704006407202307
040704006409202307
040704007201202307
040704007207202307
040704007209202307
040704008001202307
040704008007202307
040704008009202307
040704009901202307
040704009907202307
040704009909202307
040704010201202307
040704010207202307
040704010209202307
040704011001202307
040704011007202307
040704011009202307
040704012901202307
040704012907202307
040704012909202307
040704013701202307
040704013707202307
040704013709202307
040704014501202307
040704014507202307
040704014509202307
040704015301202307
040704015307202307
040704015309202307
040704016101202307
040704016107202307
040704017001202307
040704017007202307
040704017009202307
040704018801202307
040704018807202307
040704020001202307
040704020007202307
040704022601202307
040704022607202307
040704022609202307
040704023401202307
040704023407202307
040704024201202307
040704024207202307
040704025001202307
040704025007202307
040704026901202307
040704026907202307
040801001001202307
040801001007202307
040801002901202307
040801002907202307
040801003701202307
040801003707202307
040801004501202307
040801005301202307
040801006101202307
040801007001202307
040801007007202307
040801008801202307
040801008807202307
040801009601202307
040801009607202307
040801009609202307
040801010001202307
040801010007202307
040801010009202307
040801011801202307
040801011807202307
040801011809202307
040801013401202307
040801013407202307
040801013409202307
040801014201202307
040801014207202307
040801014209202307
040801015001202307
040801015007202307
040801015009202307
040801016901202307
040801016907202307
040801017701202307
040801017707202307
040801018501202307
040801018507202307
040801018509202307
040801019301202307
040801019307202307
040801020701202307
040801020707202307
040801020709202307
040801021501202307
040801021509202307
040801022301202307
040801022307202307
040801022309202307
040801023101202307
040801023109202307
040802001601202307
040802001607202307
040802002401202307
040802002407202307
040802003201202307
040802003207202307
040802004001202307
040802005901202307
040802006701202307
040802007501202307
040802008301202307
040802009101202307
040802010501202307
040802010507202307
040802010509202307
040802011301202307
040802011307202307
040802012101202307
040802012107202307
040802012109202307
040802013001202307
040802013007202307
040802014801202307
040802014807202307
040802014809202307
040802015601202307
040802015607202307
040802016401202307
040802016407202307
040802016409202307
040802017201202307
040802017207202307
040802017209202307
040802018001202307
040802018007202307
040802018009202307
040802019901202307
040802019907202307
040802019909202307
040802020201202307
040802020207202307
040802020209202307
040802021001202307
040802021007202307
040802022901202307
040802022907202307
040802022909202307
040802024501202307
040802024507202307
040802024509202307
040802025301202307
040802025307202307
040802026101202307
040802026107202307
040802027001202307
040802027007202307
040802028801202307
040802028807202307
040802029601202307
040802029607202307
040802029609202307
040802030001202307
040802030007202307
040802030009202307
040802031801202307
040802031807202307
040802031809202307
040802032601202307
040802032607202307
040802032609202307
040802033401202307
040802033407202307
040802034201202307
040802034207202307
040802034209202307
040802035001202307
040802035007202307
040802036901202307
040802036907202307
040802037701202307
040802037707202307
040802037709202307
040802038501202307
040802038507202307
040802039301202307
040802039307202307
040802040701202307
040802040707202307
040802041501202307
040802041507202307
040802042301202307
040802042307202307
040802043101202307
040802043107202307
040802044001202307
040802044007202307
040802044009202307
040802045801202307
040802045807202307
040802046601202307
040802046607202307
040802047401202307
040802047407202307
040802047409202307
040802048201202307
040802048207202307
040802048209202307
040802049001202307
040802049007202307
040802049009202307
040802050401202307
040802050407202307
040802050409202307
040802051201202307
040802051207202307
040802051209202307
040802052001202307
040802052007202307
040802052009202307
040802053901202307
040802053907202307
040802053909202307
040802054701202307
040802054707202307
040802055501202307
040802055507202307
040802055509202307
040802056301202307
040802056307202307
040802057101202307
040802057107202307
040802058001202307
040802058007202307
040802059801202307
040802059807202307
040802059809202307
040802060101202307
040802060107202307
040802060109202307
040802061001202307
040802061007202307
040802061009202307
040802062801202307
040802062807202307
040802062809202307
040802063601202307
040802063607202307
040802063609202307
040802064401202307
040802064407202307
040802064409202307
040803001101202307
040803001107202307
040803002001202307
040803002007202307
040803003801202307
040803003807202307
040803004601202307
040803005401202307
040803005407202307
040803006201202307
040803006207202307
040803007001202307
040803007007202307
040803008901202307
040803008907202307
040803009701202307
040803009707202307
040803010001202307
040803010007202307
040803011901202307
040803011907202307
040803012701202307
040803012707202307
040803013501202307
040803014301202307
040803015101202307
040803016001202307
040803017801202307
040803017807202307
040803018601202307
040803019401202307
040803020801202307
040803021601202307
040803022401202307
040803023201202307
040803023207202307
040803024001202307
040803024007202307
040803025901202307
040803025907202307
040803026701202307
040803026707202307
040803027501202307
040803027507202307
040803028301202307
040803028307202307
040803029101202307
040803029107202307
040803030501202307
040803030507202307
040803031301202307
040803031307202307
040803032101202307
040803032107202307
040803033001202307
040803033007202307
040803034801202307
040803034807202307
040803035601202307
040803036401202307
040803036407202307
040803037201202307
040803037207202307
040803038001202307
040803038007202307
040803039901202307
040803039907202307
040803040201202307
040803040207202307
040803041001202307
040803041007202307
040803042901202307
040803042907202307
040803043701202307
040803043707202307
040803044501202307
040803044507202307
040803045301202307
040803045307202307
040803046101202307
040803046107202307
040803047001202307
040803047007202307
040803050001202307
040803050007202307
040803051801202307
040803051807202307
040803052601202307
040803052607202307
040803053401202307
040803053407202307
040803054201202307
040803054207202307
040803055001202307
040803055007202307
040803056901202307
040803056907202307
040803057701202307
040803057707202307
040803058501202307
040803058507202307
040803059301202307
040803059307202307
040803060701202307
040803060707202307
040803061501202307
040803061507202307
040803062301202307
040803062307202307
040803063101202307
040803063107202307
040803064001202307
040803064007202307
040803065801202307
040803065807202307
040803066601202307
040803066607202307
040803067401202307
040803067407202307
040803068201202307
040803068207202307
040803069001202307
040803069007202307
040803070401202307
040803071201202307
040803071207202307
040803072001202307
040803072007202307
040803073901202307
040803073907202307
040803074701202307
040803074707202307
040803075501202307
040803075507202307
040803075509202307
040803076301202307
040803076307202307
040803077101202307
040803077107202307
040803078001202307
040803079801202307
040803080101202307
040803080107202307
040803081001202307
040803081007202307
040803082801202307
040803082807202307
040803083601202307
040803083607202307
040803084401202307
040803084407202307
040803085201202307
040803085207202307
040803086001202307
040803086007202307
040803087901202307
040803087907202307
040803088701202307
040803088707202307
040803089501202307
040803089507202307
040803090901202307
040803090907202307
040803091701202307
040803091707202307
040804001701202307
040804001707202307
040804002501202307
040804002507202307
040804003301202307
040804003307202307
040804004101202307
040804004107202307
040804005001202307
040804006801202307
040804007601202307
040804008401202307
040804009201202307
040804010601202307
040804010607202307
040804011401202307
040804011407202307
040804012201202307
040804012207202307
040804013001202307
040804013007202307
040804014901202307
040804014907202307
040804015701202307
040804015707202307
040804016501202307
040804016507202307
040804017301202307
040804017307202307
040804018101202307
040804018107202307
040804018109202307
040804019001202307
040804019007202307
040804019009202307
040804020301202307
040804020307202307
040804022001202307
040804022007202307
040804023801202307
040804023807202307
040804024601202307
040804024607202307
040804025401202307
040804025407202307
040804026201202307
040804026207202307
040804027001202307
040804027007202307
040804028901202307
040804028907202307
040804029701202307
040804029707202307
040804030001202307
040804030007202307
040804031901202307
040804031907202307
040804032701202307
040804032707202307
040804033501202307
040804033507202307
040804034301202307
040804034307202307
040805001201202307
040805001207202307
040805002001202307
040805002007202307
040805003901202307
040805003907202307
040805004701202307
040805004707202307
040805005501202307
040805006301202307
040805007101202307
040805008001202307
040805008007202307
040805010101202307
040805010107202307
040805011001202307
040805011007202307
040805012801202307
040805012807202307
040805013601202307
040805013607202307
040805014401202307
040805014407202307
040805014409202307
040805015201202307
040805015207202307
040805016001202307
040805016007202307
040805016009202307
040805017901202307
040805017907202307
040805019501202307
040805019507202307
040805019509202307
040805020901202307
040805020907202307
040805020909202307
040805021701202307
040805021707202307
040805021709202307
040805022501202307
040805022507202307
040805022509202307
040805023301202307
040805023307202307
040805024101202307
040805024107202307
040805024109202307
040805025001202307
040805025007202307
040805025009202307
040805026801202307
040805026807202307
040805026809202307
040805027601202307
040805027607202307
040805027609202307
040805028401202307
040805028407202307
040805028409202307
040805029201202307
040805029207202307
040805029209202307
040805030601202307
040805030607202307
040805031401202307
040805031407202307
040805032201202307
040805032207202307
040805032209202307
040805033001202307
040805033007202307
040805034901202307
040805034907202307
040805034909202307
040805035701202307
040805035707202307
040805035709202307
040805036501202307
040805036507202307
040805037301202307
040805037307202307
040805037309202307
040805038101202307
040805038107202307
040805039001202307
040805039007202307
040805039009202307
040805040301202307
040805041101202307
040805041107202307
040805042001202307
040805042007202307
040805043801202307
040805043807202307
040805044601202307
040805044607202307
040805044609202307
040805045401202307
040805045407202307
040805046201202307
040805046207202307
040805047001202307
040805047007202307
040805048901202307
040805048907202307
040805049701202307
040805049707202307
040805050001202307
040805050007202307
040805051901202307
040805051907202307
040805052701202307
040805052707202307
040805053501202307
040805053507202307
040805054301202307
040805054307202307
040805055101202307
040805055107202307
040805056001202307
040805056007202307
040805057801202307
040805057807202307
040805058601202307
040805058607202307
040805059401202307
040805059407202307
040805060801202307
040805060807202307
040805061601202307
040805061607202307
040805062401202307
040805062407202307
040805063201202307
040805063207202307
040805064001202307
040805064007202307
040805064009202307
040805065901202307
040805065907202307
040805065909202307
040805066701202307
040805066709202307
040805067501202307
040805067507202307
040805068301202307
040805068307202307
040805069101202307
040805069107202307
040805069109202307
040805070501202307
040805070507202307
040805071301202307
040805071307202307
040805072101202307
040805072107202307
040805073001202307
040805073007202307
040805073009202307
040805074801202307
040805074807202307
040805074809202307
040805075601202307
040805075607202307
040805075609202307
040805076401202307
040805076407202307
040805076409202307
040805077201202307
040805077207202307
040805078001202307
040805078007202307
040805079901202307
040805079907202307
040805080201202307
040805080207202307
040805081001202307
040805081007202307
040805082901202307
040805082907202307
040805082909202307
040805083701202307
040805083707202307
040805084501202307
040805084507202307
040805085301202307
040805085307202307
040805086101202307
040805086107202307
040805087001202307
040805087007202307
040805088801202307
040805088807202307
040805088809202307
040805089601202307
040805089607202307
040805089609202307
040805090001202307
040805091801202307
040805091807202307
040805091809202307
040805092601202307
040805092607202307
040805092609202307
040806001801202307
040806001807202307
040806001809202307
040806002601202307
040806002607202307
040806003401202307
040806003407202307
040806004201202307
040806004207202307
040806004209202307
040806005001202307
040806005007202307
040806005009202307
040806006901202307
040806006907202307
040806007701202307
040806007707202307
040806008501202307
040806008507202307
040806008509202307
040806009301202307
040806009307202307
040806010701202307
040806010707202307
040806011501202307
040806011507202307
040806011509202307
040806012301202307
040806012307202307
040806012309202307
040806013101202307
040806013107202307
040806013109202307
040806014001202307
040806014007202307
040806014009202307
040806015801202307
040806015807202307
040806015809202307
040806016601202307
040806016607202307
040806017401202307
040806017407202307
040806018201202307
040806018207202307
040806019001202307
040806019007202307
040806020401202307
040806020407202307
040806020409202307
040806021201202307
040806021207202307
040806021209202307
040806023901202307
040806023907202307
040806024701202307
040806024707202307
040806025501202307
040806025507202307
040806026301202307
040806026307202307
040806027101202307
040806027107202307
040806028001202307
040806028007202307
040806029801202307
040806029807202307
040806029809202307
040806030101202307
040806030107202307
040806030109202307
040806031001202307
040806031007202307
040806031009202307
040806032801202307
040806032807202307
040806032809202307
040806033601202307
040806033607202307
040806033609202307
040806034401202307
040806034407202307
040806034409202307
040806035201202307
040806035207202307
040806035209202307
040806036001202307
040806036007202307
040806036009202307
040806037901202307
040806037907202307
040806037909202307
040806038701202307
040806038707202307
040806039501202307
040806039507202307
040806039509202307
040806040901202307
040806040907202307
040806040909202307
040806041701202307
040806041707202307
040806041709202307
040806042501202307
040806042507202307
040806042509202307
040806043301202307
040806043307202307
040806043309202307
040806044101202307
040806044107202307
040806044109202307
040806045001202307
040806045007202307
040806045009202307
040806046801202307
040806046807202307
040806046809202307
040806047601202307
040806047607202307
040806047609202307
040806048401202307
040806048407202307
040806048409202307
040806049201202307
040806049207202307
040806050601202307
040806050607202307
040806051401202307
040806051407202307
040806052201202307
040806052207202307
040806053001202307
040806053007202307
040806053009202307
040806054901202307
040806054907202307
040806054909202307
040806055701202307
040806055707202307
040806056501202307
040806056507202307
040806056509202307
040806057301202307
040806057307202307
040806057309202307
040806058101202307
040806058107202307
040806058109202307
040806059001202307
040806059007202307
040806060301202307
040806060307202307
040806060309202307
040806061101202307
040806062001202307
040806062007202307
040806063801202307
040806063807202307
040806063809202307
040806064601202307
040806064607202307
040806066201202307
040806066207202307
040806067001202307
040806067007202307
040806067009202307
040806069701202307
040806069707202307
040806070001202307
040806070007202307
040806070009202307
040901001401202307
040901001407202307
040901002201202307
040901002207202307
040901003001202307
040901003007202307
040901004901202307
040901004907202307
040901005701202307
040901005707202307
040901006501202307
040901006507202307
040901006509202307
040901007301202307
040901007307202307
040901008101202307
040901008107202307
040901009001202307
040901009007202307
040901009009202307
040901012001202307
040901012007202307
040901012009202307
040901013801202307
040901013807202307
040901014601202307
040901014607202307
040901014609202307
040901017001202307
040901017007202307
040901017009202307
040901018901202307
040901018907202307
040901019701202307
040901019707202307
040901020001202307
040901020007202307
040901021901202307
040901022701202307
040901022707202307
040901023501202307
040901023507202307
040901024301202307
040901024307202307
040901025101202307
040901025107202307
040901026001202307
040901026007202307
040901028601202307
040901028607202307
040901029401202307
040901029407202307
040901030801202307
040901030807202307
040901031601202307
040901031607202307
040901032401202307
040901032407202307
040901033201202307
040901033207202307
040901034001202307
040901034007202307
040901036701202307
040901036707202307
040901037501202307
040901037507202307
040901037509202307
040901038301202307
040901038307202307
040901038309202307
040901039101202307
040901039107202307
040901039109202307
040901040501202307
040901040507202307
040901041301202307
040901041307202307
040901043001202307
040901043007202307
040901043009202307
040901045601202307
040901045607202307
040901046401202307
040901046407202307
040901047201202307
040901047207202307
040901048001202307
040901048007202307
040901048009202307
040901049901202307
040901050201202307
040901050207202307
040901051001202307
040901051007202307
040901051009202307
040901052901202307
040901052907202307
040901053701202307
040901053707202307
040901054501202307
040901054507202307
040901055301202307
040901055307202307
040901056101202307
040901056107202307
040901057001202307
040901057007202307
040901058801202307
040901058807202307
040901059601202307
040901059607202307
040901059609202307
040902001001202307
040902001007202307
040902001009202307
040902002801202307
040902002807202307
040902002809202307
040902004401202307
040902004407202307
040902004409202307
040902005201202307
040902005207202307
040902007901202307
040902007907202307
040902007909202307
040902008701202307
040902008707202307
040902008709202307
040902009501202307
040902009507202307
040902009509202307
040902010901202307
040902010907202307
040902010909202307
040902012501202307
040902012507202307
040902012509202307
040902013301202307
040902013307202307
040902013309202307
040902014101202307
040902014107202307
040902014109202307
040902015001202307
040902015007202307
040902015009202307
040902016801202307
040902016807202307
040902016809202307
040902017601202307
040902017607202307
040902017609202307
040903001501202307
040903001509202307
040903002301202307
040903003101202307
040903004001202307
040904001001202307
040904001007202307
040904001009202307
040904003701202307
040904003707202307
040904003709202307
040904004501202307
040904004507202307
040904005301202307
040904005307202307
040904005309202307
040904007001202307
040904007007202307
040904007009202307
040904008801202307
040904008807202307
040904008809202307
040904009601202307
040904009607202307
040904009609202307
040904011801202307
040904011807202307
040904011809202307
040904012601202307
040904012607202307
040904012609202307
040904013401202307
040904013407202307
040904013409202307
040904014201202307
040904014209202307
040904015001202307
040904015007202307
040904015009202307
040904016901202307
040904016907202307
040904016909202307
040904017701202307
040904017707202307
040904017709202307
040904018501202307
040904018507202307
040904018509202307
040904019301202307
040904019307202307
040904019309202307
040904020701202307
040904020707202307
040904020709202307
040904021501202307
040904021507202307
040904021509202307
040904022301202307
040904022309202307
040904023101202307
040904023107202307
040904023109202307
040904024001202307
040904024009202307
040905001601202307
040905001607202307
040905002401202307
040905002407202307
040905002409202307
040905003201202307
040905003209202307
040905004001202307
040905004007202307
040905004009202307
040905007501202307
040905007507202307
040905007509202307
040905008301202307
040905008307202307
040905008309202307
040905009101202307
040905009107202307
040905009109202307
040905010501202307
040905010507202307
040905010509202307
040905011301202307
040905011307202307
040905011309202307
040905013001202307
040905014801202307
040906001101202307
040906001102202307
040906001107202307
040906001109202307
040906002001202307
040906003801202307
040906003809202307
040906004601202307
040906004607202307
040906004609202307
040906005401202307
040906005402202307
040906005409202307
040906007001202307
040906007002202307
040906007009202307
040906010001202307
040906010007202307
040906011901202307
040906011907202307
040906012701202307
040906012707202307
040906013501202307
040906013507202307
040906014301202307
040906014307202307
040906015101202307
040906015107202307
040906016001202307
040906016007202307
040906017801202307
040906017807202307
040906017809202307
040906018601202307
040906018609202307
040906019401202307
040906019407202307
040906019409202307
040906020801202307
040906020807202307
040906020809202307
040906021601202307
040906021607202307
040906021609202307
040906022401202307
040906022407202307
040906022409202307
040906023201202307
040906023202202307
040906023207202307
040906023209202307
040906024001202307
040906024002202307
040906024007202307
040906024009202307
040906025901202307
040906025902202307
040906025907202307
040906025909202307
040906026701202307
040906026702202307
040906026707202307
040906026709202307
040906027501202307
040906027507202307
040906027509202307
040906028301202307
040906028307202307
040906029101202307
040907001701202307
040907001709202307
040907002501202307
040907002509202307
040907003301202307
040907003309202307
040907004101202307
040907004109202307
040907005001202307
040907006801202307
040907006809202307
040907007601202307
040907007609202307
040907008401202307
040907008409202307
040907009201202307
040907009207202307
040907009209202307
040907010601202307
040907010607202307
040907010609202307
040907011401202307
040907011407202307
040907013001202307
040907013007202307
040907013009202307
040907014901202307
040907014907202307
040907014909202307
040907015701202307
040907015707202307
040907015709202307
040907019001202307
040907019009202307
040907020301202307
040907021101202307
040907021107202307
040907022001202307
040907022007202307
040907022009202307
040907023801202307
040907023807202307
040907024601202307
040907024607202307
040907025401202307
040907025407202307
040907026201202307
040907026207202307
040907026209202307
040907027001202307
040907027009202307
040907028901202307
040907028907202307
040907028909202307
040907029701202307
040907030001202307
040907030009202307
040907031901202307
041001001401202307
041001001407202307
041001001409202307
041001005701202307
041001006501202307
041001006507202307
041001006509202307
041001007301202307
041001007307202307
041001007309202307
041001008101202307
041001008107202307
041001008109202307
041001009001202307
041001009009202307
041001011101202307
041001011107202307
041001011109202307
041001012001202307
041001012007202307
041001013801202307
041001014601202307
041001015401202307
041001016201202307
041001019701202307
041001020001202307
041001021901202307
041101001801202307
041101001802202307
041101001809202307
041101002601202307
041101002602202307
041101003401202307
041101003402202307
041101004201202307
041101004202202307
041101005001202307
041101005002202307
041101005009202307
041101007701202307
041101007702202307
041101007709202307
041101008501202307
041101008502202307
041102001301202307
041102001302202307
041102001309202307
041102002101202307
041102002102202307
041102002109202307
041102003001202307
041102003002202307
041102004801202307
041102004802202307
041201001101202307
041201001107202307
041201002001202307
041201002007202307
041201003801202307
041201003807202307
041201003809202307
041201004601202307
041201004607202307
041201004609202307
041201007001202307
041201007007202307
041201008901202307
041201008907202307
041201009701202307
041201009707202307
041201010001202307
041201010007202307
041201011901202307
041201011907202307
041201013501202307
041201013507202307
041201014301202307
041201014307202307
041202001701202307
041202001707202307
041202002501202307
041202002507202307
041202003301202307
041202003307202307
041202005001202307
041202005007202307
041202006801202307
041202006807202307
041202007601202307
041202007607202307
041202008401202307
041202008407202307
041203001201202307
041203001207202307
041203004701202307
041203004707202307
041203008001202307
041203008007202307
041203009801202307
041203009807202307
041203009809202307
041203010101202307
041203010107202307
041203011001202307
041203011007202307
041204001801202307
041204001807202307
041204001809202307
041204002601202307
041204002607202307
041204003401202307
041204003407202307
041204004201202307
041204004207202307
041204005001202307
041204005007202307
041204006901202307
041204006907202307
041204008501202307
041204008507202307
041204008509202307
041204010701202307
041204010707202307
041204011501202307
041204011507202307
041204012301202307
041204012307202307
041204013101202307
041204013107202307
041204015801202307
041204015807202307
041204016601202307
041204016607202307
041204017401202307
041204017407202307
041204018201202307
041204018207202307
041204019001202307
041204019007202307
041204020401202307
041204020407202307
041204021201202307
041204021207202307
041204022001202307
041204022007202307
041204022009202307
041205001301202307
041205001307202307
041205003001202307
041205003007202307
041205004801202307
041205004807202307
041205006401202307
041205006407202307
041205007201202307
041205007207202307
041205008001202307
041205008007202307
041205010201202307
041205010207202307
041205011001202307
041205011007202307
041205013701202307
041205013707202307
041205014501202307
041205014507202307
041205015301202307
041205015307202307
041205016101202307
041205016107202307
041301001501202307
041301001507202307
041301006601202307
041301008201202307
041301008207202307
041301009001202307
041301009007202307
041303001601202307
041303001607202307
041303001609202307
041303002401202307
041303002407202307
041303002409202307
041303003201202307
041303003209202307
041303005901202307
041303005907202307
041303005909202307
041303006701202307
041303006709202307
041303007501202307
041303007509202307
041303008301202307
041303008307202307
041303008309202307
041304002001202307
041304002007202307
041304003801202307
041304004601202307
041304005401202307
041304005409202307
041304006201202307
041304006209202307
041304007001202307
041304007009202307
041304008901202307
041304008909202307
041304009701202307
041304009707202307
041304010001202307
041304010007202307
041304011901202307
041304011907202307
041304011909202307
041304012701202307
041304012707202307
041304012709202307
041304013501202307
041304013507202307
041304013509202307
041304014301202307
041304014307202307
041304014309202307
041304015101202307
041304015107202307
041304015109202307
041304016001202307
041304016007202307
041304017801202307
041304017807202307
041304018601202307
041304018607202307
041304018609202307
041304019401202307
041304019407202307
041304019409202307
041304020801202307
041304020807202307
041304020809202307
041304021601202307
041304021607202307
041304021609202307
041304022401202307
041304022407202307
041304022409202307
041304023201202307
041304023207202307
041304023209202307
041304024001202307
041304024007202307
041304025901202307
041304025909202307
041304026701202307
041401002701202307
041401003501202307
041401025601202307
041401025607202307
041401025609202307
041401027201202307
041401027207202307
041401027209202307
041401032901202307
041401032907202307
041401032909202307
041401034501202307
041401034507202307
041401034509202307
041402002201202307
041402002203202307
041402002207202307
041402002209202307
041402003001202307
041402003003202307
041402003007202307
041402003009202307
041402004901202307
041402004903202307
041402004907202307
041402004909202307
041402005701202307
041402005703202307
041402005707202307
041402005709202307
041402006501202307
041402006503202307
041402006507202307
041402006509202307
041402007301202307
041402007303202307
041402007307202307
041402007309202307
041402008101202307
041402008103202307
041402008107202307
041402008109202307
041402009001202307
041402009003202307
041402009007202307
041402009009202307
041402014601202307
041402014603202307
041402014607202307
041402014609202307
041402015401202307
041402015403202307
041402015407202307
041402015409202307
041402016201202307
041402016203202307
041402016207202307
041402016209202307
041402020001202307
041402020003202307
041402020007202307
041402020009202307
041402021901202307
041402021903202307
041402021907202307
041402021909202307
041402024301202307
041402024303202307
041402024307202307
041402024309202307
041402027801202307
041402027803202307
041402027807202307
041402027809202307
041402029401202307
041402029403202307
041402029407202307
041402029409202307
041402036701202307
041402036703202307
041402036707202307
041402036709202307
041402037501202307
041402037503202307
041402037507202307
041402037509202307
041402041301202307
041402041303202307
041402041307202307
041402041309202307
041501001201202307
041501001207202307
041502001801202307
041502003401202307
041502003407202307
041502004201202307
041502004207202307
041502005001202307
041502005007202307
041502006901202307
041502006907202307
041502007701202307
041502007707202307
041502008501202307
041503001301202307
041503001307202307
041504002701202307
041504002707202307
041504003501202307
041504003507202307
041601001601202307
041601001607202307
041601002401202307
041601002407202307
041601003201202307
041601003207202307
041601004001202307
041601004007202307
041601007501202307
041601007507202307
041601009101202307
041601009107202307
041601011301202307
041601011307202307
041601011309202307
041601012101202307
041601013001202307
041601016401202307
041601016407202307
041601017201202307
041601017207202307
041601017209202307
041601018001202307
041601018007202307
041601019901202307
041601019907202307
041601020201202307
041601020207202307
041601021001202307
041601021007202307
041601022901202307
041601022907202307
041602002001202307
041602002007202307
041602015101202307
041602015107202307
041602016001202307
041602016007202307
041602017801202307
041602017807202307
041602017809202307
041602018601202307
041602018607202307
041602018609202307
041602019401202307
041602019407202307
041602020801202307
041602020807202307
041602021601202307
041602021607202307
041602021609202307
041602022401202307
041602022407202307
041602023201202307
041602023207202307
041602024001202307
041602024007202307
041602024009202307
041602025901202307
041602025907202307
041603001701202307
041603001707202307
041603001709202307
041603002501202307
041603002507202307
041603002509202307
041603003301202307
041603003307202307
041603003309202307
041603004101202307
041603004107202307
041603004109202307
041603006801202307
041603006807202307
041603007601202307
041603008401202307
041603008407202307
041603009201202307
041603009207202307
041603014901202307
041603014907202307
041603014909202307
041603015701202307
041603015707202307
041603015709202307
041603016501202307
041603016507202307
041603017301202307
041603017307202307
041603018101202307
041603018107202307
041603019001202307
041603020301202307
041603020307202307
041603021101202307
041603021107202307
041603022001202307
041603022007202307
041603023801202307
041603023807202307
041603024601202307
041603024607202307
041603025401202307
041603026201202307
041603027001202307
041603027007202307
041603028901202307
041603029701202307
041603030001202307
041603030007202307
041603031901202307
041603031907202307
041603032701202307
041603032707202307
041603032709202307
041603033501202307
041603033507202307
041603033509202307
041603034301202307
041603034307202307
041603035101202307
041603035107202307
041603035109202307
041603036001202307
041603036007202307
041604001201202307
041604001207202307
041604002001202307
041604002007202307
041604003901202307
041604003907202307
041604004701202307
041604004707202307
041604005501202307
041604005507202307
041604007101202307
041604007107202307
041604010101202307
041604010107202307
041604011001202307
041604011007202307
041604012801202307
041604012807202307
041604014401202307
041604014407202307
041604017901202307
041604017909202307
041604018701202307
041604018709202307
041604019501202307
041604019509202307
041604020901202307
041604020907202307
041604021701202307
041604021707202307
041604022501202307
041604022507202307
041604023301202307
041604023307202307
041604024101202307
041604024107202307
041604025001202307
041604025007202307
041604026801202307
041604026807202307
041604027601202307
041604027607202307
041604028401202307
041604029201202307
041604030601202307
041605001801202307
041605001807202307
041605002601202307
041605002607202307
041605003401202307
041605003407202307
041605005001202307
041605005007202307
041605007701202307
041605007707202307
041605009301202307
041605009307202307
041605010701202307
041605010707202307
041605011501202307
041605011507202307
041606001301202307
041606001307202307
041606001309202307
041606002101202307
041606002107202307
041606003001202307
041606003007202307
041606005601202307
041606005607202307
041606006401202307
041606006407202307
041606008001202307
041606008007202307
041606009901202307
041606009907202307
041606010201202307
041606010207202307
041606011001202307
041606011007202307
041606012901202307
041606012907202307
041608001401202307
041608001407202307
041608001409202307
041608003001202307
041608003007202307
041608003009202307
041608008101202307
041608008107202307
041608009001202307
041608009007202307
041608011101202307
041608011107202307
041608012001202307
041608012007202307
041608012009202307
041609001001202307
041609001007202307
041609002801202307
041609002807202307
041609003601202307
041609003607202307
041609007901202307
041609007907202307
041609010901202307
041609010907202307
041609011701202307
041609011707202307
041609012501202307
041609012507202307
041609013301202307
041609013307202307
041611001001202307
041611001007202307
041611002901202307
041611002907202307
041611003701202307
041611003707202307
041611004501202307
041611004507202307
041611005301202307
041611005307202307
041611006101202307
041611006107202307
041611007001202307
041611007007202307
041611008801202307
041611008807202307
041612002401202307
041612003201202307
041612004001202307
041612004009202307
041612005901202307
041612005909202307
050103006901202307
050103006903202307
050103006907202307
050201001074202307
050201001075202307
050201001076202307
050201001077202307
050201001078202307
050201001079202307
050201002977202307
050201002978202307
050201002979202307
050201002980202307
050201002981202307
050201002982202307
050301001401202307
050301001403202307
050301001474202307
050301001475202307
050301001476202307
050301001477202307
050301001478202307
050301001479202307
050301001480202307
050301001481202307
050301001482202307
050301002201202307
050301002274202307
050301002275202307
050301002276202307
050301002277202307
050301002278202307
050301002279202307
050301002280202307
050301002281202307
050301002282202307
050302001001202307
050302002801202307
050303001574202307
050303001575202307
050303001576202307
050303001577202307
050303001578202307
050303001579202307
050303001580202307
050303001581202307
050303001582202307
050303002301202307
050303002374202307
050303002375202307
050303002376202307
050303002377202307
050303002378202307
050303002379202307
050303002380202307
050303002381202307
050303002382202307
050303003101202307
050303003174202307
050303003175202307
050303003176202307
050303003177202307
050303003178202307
050303003179202307
050303003180202307
050303003181202307
050303003182202307
050303004001202307
050303004074202307
050303004075202307
050303004076202307
050303004077202307
050303004078202307
050303004080202307
050303004081202307
050303004082202307
050303005801202307
050303005874202307
050303005875202307
050303005876202307
050303005877202307
050303005878202307
050303005879202307
050303005880202307
050303005881202307
050303005882202307
050303006601202307
050303006674202307
050303006675202307
050303006676202307
050303006677202307
050303006678202307
050303006679202307
050303006680202307
050303006681202307
050303006682202307
050303007401202307
050303007474202307
050303007475202307
050303007476202307
050303007477202307
050303007478202307
050303007479202307
050303007480202307
050303007481202307
050303007482202307
050303008201202307
050303008274202307
050303008275202307
050303008276202307
050303008277202307
050303008278202307
050303008279202307
050303008280202307
050303008281202307
050303008282202307
050303009001202307
050303009074202307
050303009075202307
050303009076202307
050303009077202307
050303009078202307
050303009079202307
050303009080202307
050303009081202307
050303009082202307
050303010401202307
050303010474202307
050303010475202307
050303010476202307
050303010477202307
050303010478202307
050303010479202307
050303010480202307
050303010481202307
050303010482202307
050304004574202307
050304004575202307
050304004576202307
050304004577202307
050304004578202307
050304004579202307
050304004580202307
050304004581202307
050304004582202307
050501001103202307
050501001107202307
050501002003202307
050501002007202307
050501003803202307
050501003807202307
050501004603202307
050501004607202307
050501005403202307
050501005407202307
050501006203202307
050501006207202307
050501007003202307
050501007007202307
050501008903202307
050501008907202307
050501009701202307
050501009707202307
050501009709202307
050501012701202307
050501012707202307
050501012709202307
050501013501202307
050501013507202307
050501013509202307
050502004101202307
050502004107202307
050502005001202307
050502005007202307
050502006801202307
050502007601202307
050502008401202307
050502009201202307
050502010601202307
050502011401202307
050502011407202307
050502012201202307
050602001012202307
050602002912202307
050602003712202307
050602004503202307
050602004507202307
050602004509202307
050602004512202307
050602005301202307
050602005303202307
050602005307202307
050602006101202307
050602006103202307
050602006107202307
050602007001202307
050602007003202307
050602007007202307
050602008801202307
050602008803202307
050602008807202307
050602009601202307
050602009603202307
050602009607202307
050602010001202307
050602010003202307
050602010007202307
050602011801202307
050602011803202307
050602011807202307
070209005001202307
070209005007202307
070209006901202307
070209006907202307
080201006765202307
080201007579202307
080201008375202307
080201009176202307
080201010574202307
080201011383202307
080201012181202307
080201013082202307
080201014877202307
080201015678202307
080201016480202307
080201021085202307
080201022986202307
080201023792202307
080201024593202307
080201025387202307
080201026187202307
080201027087202307
080201032696202307
